0 0.119141 0.136111 0.0101562 0.0555556 0.295334
1 0.276953 0.0916667 0.00546875 0.0277778 0.301178
0 0.308984 0.0638889 0.00390625 0.0166667 0.359969
1 0.332422 0.0708333 0.00390625 0.0194444 0.42909
1 0.711719 0.0652778 0.00625 0.025 0.49611
0 0.235156 0.0861111 0.0046875 0.0222222 0.578019
0 0.789453 0.0527778 0.00546875 0.0277778 0.687512
0 0.175 0.104167 0.00625 0.0305556 0.705622
1 0.724609 0.0791667 0.00703125 0.0361111 0.706867
1 0.303516 0.0805556 0.00546875 0.0222222 0.744387
1 0.258203 0.109722 0.00703125 0.0361111 0.746378
0 0.830078 0.0763889 0.00703125 0.0361111 0.750373
0 0.0855469 0.1375 0.0101562 0.0472222 0.780901
0 0.930469 0.0875 0.009375 0.0416667 0.786983
0 0.758203 0.0458333 0.00546875 0.025 0.804222
0 0.117969 0.122222 0.0078125 0.0388889 0.805771
1 0.822266 0.0986111 0.0101562 0.0416667 0.814014
0 0.801953 0.0652778 0.00703125 0.0305556 0.826956
1 0.992188 0.123611 0.0125 0.0527778 0.85922
1 0.289062 0.119444 0.0078125 0.0388889 0.862965
0 0.0917969 0.151389 0.0117188 0.0472222 0.879438
1 0.328906 0.126389 0.009375 0.0416667 0.890319
0 0.125 0.168056 0.0140625 0.0583333 0.896118
1 0.447656 0.1375 0.0109375 0.0472222 0.897523
1 0.385938 0.129167 0.009375 0.0416667 0.900546
0 0.204297 0.184722 0.0148437 0.0638889 0.909717
0 0.262109 0.198611 0.0148437 0.0638889 0.921657
1 0.533594 0.159722 0.0140625 0.0583333 0.926765
1 0.602734 0.244444 0.0226563 0.0888889 0.946135
0 0.305859 0.268056 0.0242187 0.0916667 0.948001
0 0.147656 0.618056 0.0609375 0.236111 0.958645
1 0.750391 0.579167 0.0617188 0.230556 0.965575
