0 0.944141 0.0944444 0.0101562 0.0388889 0.316875
1 0.353516 0.0638889 0.00390625 0.0166667 0.324569
1 0.726953 0.0569444 0.00546875 0.025 0.336825
2 0.732813 0.05 0.0046875 0.0222222 0.354203
0 0.833984 0.104167 0.0101562 0.0416667 0.401352
0 0.307813 0.0680556 0.0046875 0.0194444 0.449985
0 0.278906 0.0763889 0.0046875 0.025 0.500818
1 0.331641 0.0736111 0.00390625 0.0194444 0.558367
1 0.705859 0.0513889 0.00390625 0.0194444 0.56343
1 0.717188 0.0708333 0.00625 0.0305556 0.600827
0 0.795703 0.0555556 0.00546875 0.0277778 0.642548
0 0.838672 0.0805556 0.00703125 0.0333333 0.662647
0 0.231641 0.0888889 0.00546875 0.0277778 0.70989
1 0.273828 0.0972222 0.00546875 0.0277778 0.739262
1 0.253125 0.115278 0.0078125 0.0361111 0.745363
1 0.301953 0.0847222 0.00546875 0.025 0.782773
0 0.763672 0.0513889 0.00546875 0.025 0.794515
0 0.109766 0.125 0.00703125 0.0388889 0.80695
0 0.170312 0.106944 0.00625 0.0305556 0.812797
0 0.808984 0.0680556 0.00703125 0.0305556 0.812906
1 0.284375 0.123611 0.009375 0.0416667 0.8136
1 0.730469 0.0819444 0.0078125 0.0361111 0.845187
1 0.833984 0.105556 0.0101562 0.0444444 0.853304
0 0.0796875 0.155556 0.0125 0.0555556 0.87086
1 0.383984 0.136111 0.0101562 0.0444444 0.896924
1 0.325391 0.130556 0.0101562 0.0444444 0.899342
1 0.446484 0.143056 0.0117188 0.0472222 0.907027
0 0.113672 0.170833 0.0132813 0.0638889 0.912391
1 0.536328 0.170833 0.0148437 0.0583333 0.917309
0 0.192969 0.194444 0.015625 0.0611111 0.923166
0 0.252734 0.211111 0.0164062 0.0666667 0.93525
1 0.611328 0.2625 0.0257812 0.0972222 0.947824
0 0.0890625 0.733333 0.08125 0.288889 0.952345
0 0.294531 0.288889 0.0265625 0.1 0.953297
1 0.796875 0.6875 0.0734375 0.280556 0.966641
