1 0.354297 0.0638889 0.00390625 0.0166667 0.349707
0 0.273047 0.0930556 0.00703125 0.0305556 0.354765
0 0.308984 0.0666667 0.00390625 0.0166667 0.388416
0 0.847656 0.0972222 0.0109375 0.05 0.413391
1 0.711719 0.0486111 0.0046875 0.0194444 0.526477
0 0.107031 0.126389 0.009375 0.0472222 0.529609
0 0.850781 0.0791667 0.0078125 0.0361111 0.560673
0 0.278906 0.0763889 0.0046875 0.025 0.592308
1 0.725 0.0666667 0.00625 0.0277778 0.594556
0 0.960938 0.0902778 0.0109375 0.0416667 0.615035
1 0.847656 0.1 0.0109375 0.05 0.621122
1 0.332422 0.0736111 0.00390625 0.0194444 0.681403
0 0.804297 0.0513889 0.00546875 0.025 0.68377
1 0.272656 0.0972222 0.00625 0.0277778 0.722817
0 0.230859 0.0902778 0.00546875 0.025 0.732982
0 0.167578 0.108333 0.00703125 0.0333333 0.750917
0 0.770312 0.0444444 0.0046875 0.0222222 0.753986
1 0.301953 0.0847222 0.00546875 0.025 0.759319
0 0.819141 0.0638889 0.00703125 0.0333333 0.764045
1 0.251172 0.116667 0.00859375 0.0388889 0.778075
1 0.739453 0.0791667 0.00859375 0.0361111 0.801974
1 0.282031 0.123611 0.009375 0.0416667 0.828015
1 0.447266 0.147222 0.0117188 0.05 0.892675
1 0.323438 0.130556 0.0109375 0.0444444 0.898772
0 0.0722656 0.159722 0.0117188 0.0583333 0.900547
1 0.382812 0.1375 0.0109375 0.0472222 0.906109
0 0.104297 0.170833 0.0148437 0.0805556 0.911819
1 0.540234 0.172222 0.0148437 0.0611111 0.917553
0 0.184375 0.201389 0.015625 0.0638889 0.92186
0 0.24375 0.220833 0.0171875 0.0694444 0.932202
0 0.0324219 0.85 0.0648438 0.3 0.937133
1 0.621875 0.276389 0.0265625 0.102778 0.9572
0 0.283594 0.306944 0.028125 0.108333 0.963783
1 0.860547 0.822222 0.0945313 0.35 0.967926
