1 0.718359 0.0472222 0.00390625 0.0222222 0.307
0 0.273047 0.0902778 0.00703125 0.0305556 0.3768
0 0.863281 0.1 0.0109375 0.05 0.386862
1 0.355859 0.0611111 0.00390625 0.0166667 0.399168
1 0.742188 0.0541667 0.0046875 0.025 0.433794
0 0.310547 0.0638889 0.00390625 0.0166667 0.485244
1 0.732813 0.0680556 0.00625 0.0305556 0.59558
0 0.280469 0.0736111 0.0046875 0.025 0.597755
0 0.830859 0.0666667 0.00703125 0.0333333 0.675198
0 0.166406 0.108333 0.00625 0.0277778 0.690114
0 0.863281 0.0819444 0.0078125 0.0361111 0.70445
0 0.230859 0.0902778 0.00546875 0.025 0.712565
1 0.272656 0.0944444 0.00625 0.0277778 0.717106
1 0.302344 0.0819444 0.00625 0.025 0.717848
0 0.778906 0.0458333 0.0046875 0.025 0.718891
1 0.333594 0.0694444 0.0046875 0.0222222 0.747525
0 0.814062 0.0513889 0.00625 0.0305556 0.76129
1 0.249609 0.116667 0.00859375 0.0388889 0.805793
0 0.98125 0.0916667 0.0109375 0.0444444 0.821731
1 0.863281 0.102778 0.0109375 0.05 0.850931
1 0.280469 0.126389 0.009375 0.0416667 0.856004
0 0.102734 0.126389 0.00859375 0.0416667 0.857564
1 0.748828 0.0805556 0.00703125 0.0333333 0.861118
1 0.957422 0.906944 0.0601562 0.186111 0.88346
0 0.0953125 0.179167 0.015625 0.0694444 0.888681
1 0.449219 0.151389 0.0125 0.0472222 0.895015
1 0.382812 0.140278 0.0109375 0.0472222 0.904882
1 0.322266 0.133333 0.0101562 0.0444444 0.907568
0 0.065625 0.159722 0.0140625 0.0638889 0.910697
0 0.175781 0.205556 0.0171875 0.0666667 0.915715
1 0.545313 0.177778 0.0171875 0.0666667 0.918975
0 0.235938 0.227778 0.01875 0.0722222 0.926662
1 0.634766 0.297222 0.0289063 0.111111 0.953376
0 0.271875 0.325 0.03125 0.116667 0.954964
