0 0.876562 0.0875 0.0078125 0.0416667 0.252591
1 0.376953 0.0541667 0.00390625 0.0138889 0.296213
2 0.725781 0.0486111 0.0046875 0.0194444 0.312383
0 0.273047 0.0888889 0.00703125 0.0333333 0.389068
0 0.880469 0.106944 0.0109375 0.0527778 0.503505
1 0.741406 0.0708333 0.00625 0.0305556 0.538632
1 0.358594 0.0611111 0.003125 0.0166667 0.540849
0 0.312109 0.0625 0.00390625 0.0194444 0.629233
0 0.28125 0.0736111 0.0046875 0.025 0.653475
0 0.23125 0.0875 0.0046875 0.025 0.666145
0 0.164844 0.108333 0.00625 0.0277778 0.679954
0 0.841797 0.0680556 0.00859375 0.0361111 0.6809
0 0.824219 0.0527778 0.00625 0.0277778 0.704893
0 0.997266 0.1 0.00546875 0.05 0.738826
1 0.272266 0.0958333 0.00546875 0.0305556 0.739942
1 0.303516 0.0819444 0.00546875 0.025 0.741087
1 0.335547 0.0694444 0.00390625 0.0222222 0.753514
0 0.7875 0.0486111 0.0046875 0.025 0.771595
1 0.248047 0.116667 0.00859375 0.0388889 0.787478
1 0.880859 0.106944 0.0117188 0.0527778 0.862957
1 0.279297 0.126389 0.0101562 0.0472222 0.8645
1 0.759375 0.0833333 0.0078125 0.0388889 0.877061
0 0.0992187 0.127778 0.009375 0.0444444 0.884261
0 0.0863281 0.1875 0.0148437 0.0638889 0.886189
0 0.0582031 0.163889 0.0132813 0.0611111 0.891126
1 0.450391 0.154167 0.0132813 0.0527778 0.898823
1 0.382812 0.141667 0.0125 0.05 0.908372
1 0.551172 0.186111 0.0179687 0.0666667 0.920461
0 0.166016 0.2125 0.0179687 0.0694444 0.921632
1 0.321484 0.134722 0.0117188 0.0472222 0.929873
0 0.226953 0.236111 0.0195312 0.0777778 0.932606
1 0.649219 0.320833 0.0296875 0.119444 0.952919
0 0.258594 0.348611 0.0328125 0.125 0.962725
