1 0.758203 0.0541667 0.00546875 0.025 0.273212
0 0.273047 0.0902778 0.00703125 0.0305556 0.426034
1 0.379297 0.0555556 0.00390625 0.0166667 0.485834
0 0.856641 0.0694444 0.00703125 0.0333333 0.507876
0 0.899219 0.111111 0.0109375 0.05 0.529554
1 0.360547 0.0583333 0.00390625 0.0166667 0.588504
0 0.0578125 0.156944 0.0109375 0.0527778 0.617087
1 0.732813 0.05 0.0046875 0.0222222 0.648142
0 0.834766 0.0527778 0.00546875 0.0277778 0.652817
0 0.853906 0.0666667 0.0078125 0.0333333 0.656325
0 0.313672 0.0611111 0.00390625 0.0222222 0.68763
0 0.231641 0.0875 0.00546875 0.025 0.713356
0 0.282813 0.0708333 0.0046875 0.025 0.718977
1 0.272656 0.0944444 0.00625 0.0277778 0.719227
0 0.163672 0.106944 0.00703125 0.0305556 0.738129
1 0.336719 0.0666667 0.0046875 0.0222222 0.742956
1 0.750781 0.0722222 0.00625 0.0333333 0.754143
0 0.892187 0.0847222 0.0078125 0.0361111 0.757248
0 0.796094 0.0458333 0.0046875 0.025 0.771508
1 0.303906 0.0819444 0.00625 0.025 0.773161
1 0.246875 0.118056 0.0078125 0.0361111 0.780697
0 0.0503906 0.166667 0.0132813 0.0555556 0.784556
1 0.899219 0.111111 0.0125 0.05 0.85267
0 0.0960938 0.127778 0.009375 0.0444444 0.875937
1 0.770312 0.0861111 0.0078125 0.0388889 0.878513
1 0.277344 0.126389 0.0109375 0.0472222 0.88314
0 0.0769531 0.193056 0.0148437 0.0638889 0.89725
1 0.382812 0.145833 0.0125 0.0527778 0.897312
1 0.452734 0.158333 0.0148437 0.0555556 0.910678
1 0.319531 0.136111 0.0125 0.05 0.921645
0 0.157031 0.218056 0.01875 0.075 0.929478
1 0.557031 0.195833 0.01875 0.0694444 0.933924
0 0.216406 0.248611 0.0203125 0.0805556 0.937005
1 0.666406 0.348611 0.0328125 0.130556 0.95317
0 0.242969 0.376389 0.0359375 0.136111 0.961904
