1 0.382031 0.0527778 0.003125 0.0166667 0.286882
1 0.339453 0.0666667 0.00390625 0.0222222 0.349823
1 0.362891 0.0583333 0.00390625 0.0166667 0.462311
0 0.316016 0.0638889 0.00390625 0.0222222 0.599379
0 0.866016 0.0666667 0.00703125 0.0333333 0.615681
0 0.162891 0.108333 0.00703125 0.0333333 0.644387
1 0.767969 0.0555556 0.0046875 0.0277778 0.65975
0 0.232422 0.0861111 0.00546875 0.0277778 0.663119
1 0.305078 0.0833333 0.00703125 0.0277778 0.689911
1 0.272656 0.0986111 0.00625 0.0305556 0.697368
0 0.284375 0.0722222 0.0046875 0.0277778 0.703836
0 0.0515625 0.15 0.0109375 0.0444444 0.716784
1 0.741016 0.0472222 0.00390625 0.0222222 0.72096
1 0.712109 0.0430556 0.00390625 0.0194444 0.724908
0 0.846875 0.0527778 0.00625 0.0277778 0.737646
0 0.805859 0.0472222 0.00546875 0.0277778 0.787062
0 0.870313 0.0708333 0.0078125 0.0361111 0.791642
1 0.761328 0.0722222 0.00703125 0.0333333 0.809798
1 0.245703 0.120833 0.00859375 0.0416667 0.851029
0 0.0933594 0.129167 0.0101562 0.0416667 0.86698
1 0.276172 0.130556 0.0117188 0.05 0.867082
0 0.04375 0.172222 0.0140625 0.0555556 0.867687
0 0.910547 0.0861111 0.00859375 0.0388889 0.869814
1 0.782422 0.0888889 0.00859375 0.0388889 0.874046
1 0.919922 0.115278 0.0117188 0.0527778 0.896399
1 0.382812 0.15 0.0140625 0.05 0.897259
0 0.0671875 0.198611 0.015625 0.0694444 0.9107
1 0.318359 0.141667 0.0117188 0.05 0.913857
1 0.455078 0.165278 0.0148437 0.0583333 0.915711
0 0.146875 0.227778 0.021875 0.0777778 0.927664
0 0.207422 0.2625 0.0226563 0.0861111 0.929352
1 0.564062 0.204167 0.0203125 0.075 0.937035
0 0.225781 0.408333 0.0390625 0.144444 0.952621
1 0.6875 0.381944 0.034375 0.147222 0.955999
