0 0.879297 0.0638889 0.00859375 0.0277778 0.259738
1 0.274609 0.102778 0.00703125 0.0333333 0.307533
0 0.342969 0.0680556 0.0046875 0.025 0.355733
0 0.882812 0.0666667 0.009375 0.0333333 0.364607
0 0.308984 0.0847222 0.00703125 0.0305556 0.369047
1 0.386719 0.0555556 0.003125 0.0166667 0.38511
1 0.751562 0.0486111 0.0046875 0.025 0.40414
2 0.752344 0.05 0.0046875 0.0222222 0.504907
1 0.779688 0.0583333 0.00625 0.0277778 0.518716
1 0.342969 0.0694444 0.0046875 0.0222222 0.520086
0 0.8875 0.0736111 0.009375 0.0361111 0.57394
1 0.366797 0.0625 0.00390625 0.0194444 0.671882
0 0.287891 0.0777778 0.00546875 0.0277778 0.685277
0 0.164062 0.113889 0.0078125 0.0333333 0.711504
1 0.773828 0.0722222 0.00703125 0.0333333 0.716899
0 0.320312 0.0666667 0.0046875 0.0222222 0.717895
0 0.0488281 0.156944 0.0117188 0.0527778 0.74084
0 0.861328 0.0541667 0.00703125 0.0305556 0.78983
0 0.819141 0.0472222 0.00546875 0.0277778 0.797377
0 0.235156 0.0916667 0.00625 0.0277778 0.810422
1 0.308594 0.0847222 0.00625 0.0305556 0.819264
0 0.932422 0.0875 0.00859375 0.0361111 0.856949
1 0.276172 0.133333 0.0117188 0.0555556 0.860295
0 0.0390625 0.179167 0.0140625 0.0583333 0.861019
1 0.246094 0.125 0.009375 0.0444444 0.861922
0 0.0933594 0.133333 0.0117188 0.05 0.876812
1 0.796875 0.0902778 0.009375 0.0416667 0.883395
0 0.0605469 0.208333 0.0164062 0.0666667 0.896687
1 0.31875 0.147222 0.0140625 0.05 0.900409
1 0.946094 0.122222 0.0140625 0.0555556 0.902558
1 0.384375 0.155556 0.0140625 0.0555556 0.915271
0 0.198047 0.277778 0.0226563 0.0888889 0.918015
1 0.458203 0.172222 0.0148437 0.0611111 0.918017
0 0.137891 0.241667 0.0226563 0.0777778 0.93656
1 0.573438 0.216667 0.0203125 0.0777778 0.94182
1 0.713672 0.425 0.0382813 0.166667 0.959959
0 0.205469 0.45 0.04375 0.161111 0.961346
