0 0.348437 0.0708333 0.0046875 0.025 0.293268
0 0.905078 0.0722222 0.0117188 0.0333333 0.298721
1 0.535547 0.0541667 0.00390625 0.0194444 0.325013
1 0.466406 0.0527778 0.003125 0.0166667 0.336184
1 0.616797 0.0486111 0.00390625 0.0194444 0.336203
1 0.443359 0.0541667 0.00390625 0.0194444 0.387553
1 0.652734 0.0430556 0.00390625 0.0194444 0.426953
1 0.494141 0.0527778 0.00390625 0.0166667 0.459335
0 0.977344 0.130556 0.0140625 0.0555556 0.469611
1 0.392188 0.0569444 0.003125 0.0194444 0.541435
0 0.901953 0.0680556 0.00859375 0.0305556 0.553989
0 0.879687 0.0583333 0.0078125 0.0277778 0.588038
1 0.253125 0.118056 0.0078125 0.0361111 0.611651
0 0.0503906 0.159722 0.0117188 0.0527778 0.625144
1 0.789844 0.0763889 0.0078125 0.0361111 0.638107
0 0.834375 0.05 0.00625 0.0277778 0.641268
1 0.348047 0.0694444 0.00546875 0.0222222 0.645653
1 0.373047 0.0625 0.00390625 0.0194444 0.716837
1 0.249219 0.122222 0.009375 0.0444444 0.72723
0 0.326562 0.0652778 0.0046875 0.0194444 0.754742
0 0.293359 0.0736111 0.00546875 0.025 0.762497
1 0.313281 0.0875 0.00625 0.0305556 0.769746
0 0.239844 0.0902778 0.00625 0.0305556 0.771052
1 0.764844 0.0513889 0.0046875 0.025 0.789816
0 0.908984 0.075 0.00859375 0.0388889 0.793179
0 0.16875 0.111111 0.0078125 0.0333333 0.79356
1 0.815625 0.0930556 0.0109375 0.0416667 0.814238
0 0.958203 0.0916667 0.0101562 0.0388889 0.861607
0 0.0964844 0.136111 0.0117188 0.0444444 0.863789
1 0.278125 0.136111 0.0125 0.0555556 0.875692
0 0.0375 0.180556 0.0140625 0.0611111 0.877194
0 0.05625 0.208333 0.01875 0.0777778 0.895947
1 0.388281 0.159722 0.0140625 0.0527778 0.905834
1 0.321484 0.148611 0.0132813 0.0527778 0.907842
1 0.977344 0.129167 0.0140625 0.0583333 0.912012
1 0.464063 0.176389 0.0171875 0.0638889 0.918682
0 0.190234 0.288889 0.0257812 0.0944444 0.933761
0 0.131641 0.25 0.0242187 0.0833333 0.936052
1 0.585156 0.227778 0.021875 0.0833333 0.946279
1 0.748438 0.477778 0.04375 0.188889 0.956499
0 0.185937 0.493056 0.0484375 0.180556 0.966202
