1 0.355859 0.0666667 0.00546875 0.0222222 0.298713
1 0.627344 0.0486111 0.003125 0.0194444 0.345517
0 0.320312 0.0833333 0.00625 0.0277778 0.349831
1 0.501953 0.0527778 0.00390625 0.0166667 0.355426
0 0.355469 0.0666667 0.0046875 0.0222222 0.361956
1 0.473828 0.0513889 0.00390625 0.0194444 0.364657
1 0.544531 0.0555556 0.003125 0.0166667 0.378653
1 0.664453 0.0458333 0.00390625 0.0194444 0.517304
1 0.399609 0.0555556 0.00390625 0.0166667 0.565419
1 0.286328 0.1 0.00703125 0.0333333 0.673141
0 0.926562 0.0722222 0.009375 0.0333333 0.69704
1 0.258203 0.115278 0.00859375 0.0416667 0.699631
1 0.804688 0.0708333 0.00625 0.0361111 0.706352
1 0.380078 0.0597222 0.00390625 0.0194444 0.707088
1 0.253516 0.123611 0.0101562 0.0472222 0.710897
0 0.853125 0.0513889 0.00625 0.0305556 0.713215
0 0.246484 0.0888889 0.00546875 0.0277778 0.739404
1 0.808984 0.0805556 0.00859375 0.0388889 0.747634
0 0.333203 0.0638889 0.00390625 0.0222222 0.756096
0 0.300391 0.0736111 0.00546875 0.025 0.759216
1 0.746094 0.0458333 0.0046875 0.025 0.768397
0 0.934375 0.0819444 0.009375 0.0416667 0.792967
0 0.175 0.109722 0.0078125 0.0361111 0.813769
1 0.780078 0.0527778 0.00546875 0.0277778 0.823476
0 0.0550781 0.154167 0.0117188 0.0527778 0.82391
1 0.320312 0.0833333 0.00625 0.0277778 0.826225
0 0.901563 0.0611111 0.0078125 0.0277778 0.835216
0 0.989453 0.1 0.0117188 0.0444444 0.868307
0 0.0394531 0.179167 0.0132813 0.0638889 0.869973
1 0.836719 0.0972222 0.0109375 0.0444444 0.88313
0 0.101562 0.130556 0.0109375 0.0444444 0.883314
1 0.282422 0.1375 0.0117188 0.0527778 0.891028
0 0.0542969 0.206944 0.0195312 0.0805556 0.902751
1 0.392969 0.163889 0.015625 0.0611111 0.906989
1 0.325391 0.151389 0.0148437 0.0527778 0.912848
1 0.471094 0.183333 0.0171875 0.0666667 0.914782
0 0.125391 0.256944 0.0242187 0.0861111 0.929988
0 0.182812 0.302778 0.0265625 0.1 0.936077
1 0.599219 0.244444 0.0234375 0.0888889 0.943908
1 0.794141 0.55 0.0492188 0.216667 0.96198
0 0.162109 0.541667 0.0539063 0.2 0.966075
