1 0.436328 0.0527778 0.00390625 0.0166667 0.252757
1 0.265234 0.1125 0.00859375 0.0416667 0.262833
1 0.408203 0.0555556 0.00390625 0.0166667 0.343491
2 0.364062 0.0694444 0.0046875 0.0222222 0.375352
2 0.564453 0.0472222 0.00390625 0.0166667 0.381061
2 0.717578 0.0402778 0.00390625 0.0194444 0.383156
1 0.483203 0.05 0.00390625 0.0166667 0.386696
1 0.460156 0.05 0.003125 0.0166667 0.387827
1 0.638672 0.0486111 0.00390625 0.0194444 0.393432
0 0.955859 0.0708333 0.0101562 0.0305556 0.441802
1 0.827344 0.0666667 0.0078125 0.0388889 0.458842
1 0.328125 0.0819444 0.00625 0.0305556 0.48213
1 0.511719 0.0555556 0.003125 0.0166667 0.539225
1 0.363281 0.0694444 0.0046875 0.0222222 0.556719
1 0.388672 0.0597222 0.00390625 0.0194444 0.604945
1 0.554297 0.0541667 0.00390625 0.0194444 0.676624
1 0.260938 0.120833 0.0109375 0.0472222 0.682993
1 0.294141 0.0972222 0.00703125 0.0333333 0.684792
1 0.676953 0.0430556 0.00390625 0.0194444 0.68583
0 0.965234 0.0819444 0.0132813 0.0416667 0.716817
0 0.255469 0.0875 0.00625 0.0305556 0.735255
0 0.308984 0.0708333 0.00546875 0.025 0.744529
0 0.875391 0.0513889 0.00703125 0.0305556 0.747707
0 0.342187 0.0611111 0.0046875 0.0222222 0.777929
1 0.7625 0.0472222 0.0046875 0.0222222 0.779
0 0.928906 0.0625 0.0078125 0.0305556 0.789882
0 0.183594 0.108333 0.0078125 0.0388889 0.795898
1 0.832422 0.0805556 0.00859375 0.0388889 0.797
1 0.798437 0.0527778 0.00625 0.0277778 0.831921
0 0.0628906 0.152778 0.0117188 0.05 0.833842
0 0.0441406 0.180556 0.0148437 0.0611111 0.869674
1 0.288672 0.1375 0.0117188 0.0527778 0.876092
1 0.862891 0.0986111 0.0117188 0.0472222 0.879744
0 0.110156 0.130556 0.0109375 0.0444444 0.895077
0 0.0558594 0.211111 0.0195312 0.0777778 0.90511
1 0.480469 0.190278 0.0171875 0.0694444 0.916725
1 0.4 0.166667 0.015625 0.0611111 0.920544
1 0.330859 0.151389 0.0132813 0.0583333 0.926481
0 0.124609 0.263889 0.0257812 0.0888889 0.929407
0 0.178125 0.316667 0.0265625 0.105556 0.946982
1 0.616406 0.258333 0.025 0.0944444 0.954612
1 0.857422 0.643056 0.0617188 0.269444 0.958669
0 0.136328 0.604167 0.0601562 0.230556 0.962001
