2 0.577344 0.0444444 0.003125 0.0166667 0.259394
2 0.730859 0.0347222 0.00390625 0.0194444 0.263166
0 0.682813 0.0361111 0.003125 0.0166667 0.277696
0 0.275391 0.113889 0.00859375 0.0388889 0.279052
2 0.735156 0.0388889 0.0046875 0.0222222 0.3154
1 0.470703 0.05 0.00390625 0.0166667 0.397347
1 0.494141 0.05 0.00390625 0.0166667 0.456254
1 0.523828 0.0513889 0.00390625 0.0194444 0.518905
1 0.782422 0.0458333 0.00390625 0.025 0.524186
1 0.653516 0.0458333 0.00390625 0.0194444 0.564154
1 0.852734 0.0680556 0.00703125 0.0361111 0.572922
1 0.607031 0.0513889 0.0046875 0.0194444 0.606318
1 0.399609 0.0583333 0.00390625 0.0166667 0.610807
1 0.567578 0.0541667 0.00390625 0.0194444 0.644404
0 0.266406 0.0861111 0.00625 0.0277778 0.650092
1 0.374219 0.0680556 0.0046875 0.025 0.686545
0 0.353516 0.0611111 0.00390625 0.0222222 0.700151
1 0.692969 0.0430556 0.0046875 0.0194444 0.730545
1 0.269141 0.123611 0.0101562 0.0472222 0.756432
0 0.991797 0.0722222 0.00859375 0.0333333 0.763442
0 0.903516 0.05 0.00703125 0.0277778 0.778043
0 0.320312 0.0708333 0.0046875 0.025 0.789099
1 0.820703 0.0527778 0.00546875 0.0277778 0.791405
1 0.303906 0.0986111 0.0078125 0.0361111 0.817286
0 0.195312 0.106944 0.0078125 0.0361111 0.817548
1 0.339063 0.0833333 0.00625 0.0277778 0.817957
0 0.053125 0.183333 0.0140625 0.0611111 0.822943
1 0.859375 0.0805556 0.009375 0.0444444 0.832655
0 0.961328 0.0625 0.00859375 0.0305556 0.843061
0 0.0617188 0.213889 0.01875 0.0777778 0.880815
1 0.296484 0.140278 0.0117188 0.0527778 0.890692
1 0.894922 0.102778 0.0117188 0.05 0.891064
0 0.0742188 0.151389 0.0125 0.0527778 0.895814
0 0.122656 0.129167 0.0109375 0.0472222 0.900891
1 0.408984 0.172222 0.0164062 0.0611111 0.919069
0 0.124219 0.270833 0.0265625 0.0916667 0.933603
1 0.339063 0.152778 0.0140625 0.0555556 0.936584
1 0.491797 0.197222 0.0195312 0.0722222 0.937259
1 0.950391 0.781944 0.0851562 0.336111 0.946491
0 0.175 0.330556 0.0296875 0.116667 0.948753
0 0.107031 0.680556 0.06875 0.266667 0.959228
1 0.638281 0.276389 0.0265625 0.102778 0.959814
