0 0.944141 0.0555556 0.0101562 0.0333333 0.492851
0 0.840234 0.0472222 0.00703125 0.0277778 0.562443
2 0.0183594 0.756944 0.0351562 0.486111 0.609608
1 0.805859 0.0611111 0.00703125 0.0277778 0.653055
0 0.578516 0.0597222 0.00546875 0.025 0.686059
1 0.742578 0.0625 0.00546875 0.025 0.694686
1 0.902344 0.0652778 0.0078125 0.0305556 0.719332
1 0.68125 0.0680556 0.00625 0.0305556 0.769775
1 0.630859 0.0861111 0.00703125 0.0333333 0.821562
1 0.599219 0.122222 0.0109375 0.0444444 0.868154
0 0.514844 0.0708333 0.00625 0.0305556 0.87702
0 0.476172 0.0958333 0.00859375 0.0361111 0.898931
0 0.4375 0.129167 0.0109375 0.0472222 0.913705
0 0.394922 0.188889 0.0148437 0.0666667 0.915787
1 0.616406 0.183333 0.01875 0.0777778 0.932855
0 0.335938 0.355556 0.03125 0.127778 0.947757
2 0.140625 0.609722 0.135937 0.669444 0.954641
1 0.690625 0.3125 0.0328125 0.125 0.956798
2 0.939062 0.548611 0.121875 0.630556 0.957022
