0 0.774609 0.0458333 0.00703125 0.025 0.299869
0 0.693359 0.0486111 0.00546875 0.025 0.332742
0 0.841797 0.0486111 0.00703125 0.0305556 0.454426
0 0.946094 0.0569444 0.009375 0.0361111 0.570081
1 0.807422 0.0625 0.00703125 0.025 0.607251
0 0.578516 0.0625 0.00546875 0.025 0.654576
1 0.904297 0.0666667 0.00703125 0.0333333 0.664227
1 0.742969 0.0625 0.00625 0.0305556 0.731911
1 0.682031 0.0694444 0.00625 0.0333333 0.769636
1 0.631641 0.0875 0.00703125 0.0361111 0.818954
0 0.514453 0.0708333 0.00703125 0.0305556 0.87703
1 0.6 0.123611 0.0109375 0.0472222 0.881744
0 0.475391 0.0972222 0.00859375 0.0388889 0.897654
0 0.436328 0.130556 0.0117188 0.05 0.91539
0 0.392578 0.191667 0.0148437 0.0666667 0.916968
1 0.617578 0.1875 0.0195312 0.0805556 0.930162
2 0.949219 0.576389 0.101562 0.658333 0.940739
2 0.120703 0.641667 0.146094 0.694444 0.940793
0 0.33125 0.365278 0.0328125 0.136111 0.949694
1 0.695703 0.320833 0.0351562 0.130556 0.957254
