0 0.842969 0.05 0.00625 0.0277778 0.29465
0 0.69375 0.05 0.0046875 0.0222222 0.320315
0 0.626562 0.0513889 0.0046875 0.025 0.323157
1 0.744531 0.0638889 0.00625 0.0277778 0.593991
1 0.808203 0.0625 0.00703125 0.025 0.67513
0 0.947656 0.0569444 0.0078125 0.0361111 0.688978
0 0.578906 0.0597222 0.00625 0.025 0.703618
1 0.906641 0.0666667 0.00703125 0.0333333 0.726486
1 0.682813 0.0708333 0.00625 0.0305556 0.745113
1 0.632031 0.0875 0.0078125 0.0361111 0.845444
0 0.514453 0.0708333 0.00703125 0.0305556 0.875957
1 0.600781 0.126389 0.0109375 0.0472222 0.879019
0 0.475 0.0972222 0.009375 0.0388889 0.905535
0 0.435547 0.131944 0.0117188 0.0472222 0.914957
0 0.390625 0.195833 0.015625 0.0694444 0.924881
1 0.61875 0.190278 0.0203125 0.0805556 0.929721
2 0.102734 0.654167 0.153906 0.691667 0.947482
2 0.958594 0.598611 0.08125 0.680556 0.947664
1 0.7 0.327778 0.0359375 0.133333 0.948713
0 0.326562 0.376389 0.034375 0.136111 0.951451
