0 0.626562 0.0513889 0.0046875 0.025 0.323332
0 0.694141 0.05 0.00546875 0.0222222 0.341515
0 0.775781 0.0472222 0.00625 0.0277778 0.473269
0 0.84375 0.0486111 0.00625 0.0305556 0.671519
0 0.578516 0.0611111 0.00546875 0.0222222 0.718074
1 0.683203 0.0694444 0.00703125 0.0333333 0.743258
0 0.948828 0.0569444 0.00859375 0.0361111 0.74601
1 0.808984 0.0625 0.00703125 0.0305556 0.747546
2 0.969922 0.611111 0.0570313 0.711111 0.76536
1 0.745313 0.0625 0.00625 0.0305556 0.767144
1 0.908594 0.0666667 0.0078125 0.0333333 0.827798
1 0.632422 0.0875 0.00859375 0.0361111 0.84967
0 0.513672 0.0736111 0.00703125 0.0305556 0.874789
0 0.474219 0.1 0.009375 0.0388889 0.882305
1 0.601172 0.125 0.0117188 0.05 0.908678
0 0.433984 0.133333 0.0117188 0.05 0.915152
0 0.388672 0.198611 0.0164062 0.0694444 0.922819
2 0.0882813 0.665278 0.13125 0.663889 0.93139
1 0.620703 0.193056 0.0210938 0.0805556 0.934715
0 0.321484 0.384722 0.0335938 0.141667 0.954004
1 0.704297 0.336111 0.0367187 0.138889 0.955723
