2 0.728516 0.0430556 0.00390625 0.0194444 0.270027
0 0.332031 0.0680556 0.0046875 0.0194444 0.347532
0 0.329688 0.0597222 0.003125 0.0138889 0.366713
2 0.758203 0.0486111 0.00390625 0.0194444 0.392966
2 0.789844 0.0541667 0.0046875 0.0194444 0.422569
1 0.332422 0.0694444 0.00390625 0.0166667 0.458626
0 0.175 0.105556 0.00625 0.0277778 0.515093
0 0.0886719 0.148611 0.0117188 0.0416667 0.520506
0 0.758203 0.0486111 0.00390625 0.0194444 0.63594
0 0.280469 0.0708333 0.0046875 0.0194444 0.679768
0 0.308203 0.0625 0.00390625 0.0194444 0.705586
0 0.790234 0.0541667 0.00546875 0.0194444 0.725316
0 0.0851562 0.141667 0.009375 0.0388889 0.75921
1 0.303516 0.0805556 0.00546875 0.0222222 0.768165
0 0.234375 0.0875 0.00625 0.025 0.784848
0 0.117969 0.122222 0.0078125 0.0333333 0.793564
0 0.801953 0.0666667 0.00703125 0.0277778 0.808698
0 0.829297 0.0763889 0.00703125 0.0305556 0.81095
1 0.711719 0.0666667 0.00625 0.0277778 0.816888
0 0.929297 0.0902778 0.0101562 0.0361111 0.819887
0 0.0925781 0.154167 0.0117188 0.0416667 0.83831
1 0.257812 0.111111 0.0078125 0.0333333 0.854483
1 0.822266 0.1 0.0101562 0.0388889 0.857175
1 0.276563 0.0916667 0.00625 0.0277778 0.867161
1 0.288672 0.120833 0.0101562 0.0361111 0.893092
1 0.724219 0.0777778 0.0078125 0.0333333 0.898476
1 0.385547 0.129167 0.0101562 0.0416667 0.901415
1 0.328125 0.126389 0.009375 0.0361111 0.905876
1 0.992188 0.126389 0.0140625 0.0527778 0.906106
0 0.125391 0.168056 0.0132813 0.0527778 0.911837
1 0.446484 0.138889 0.0117188 0.0444444 0.914802
1 0.533203 0.159722 0.0132813 0.0527778 0.926526
0 0.203906 0.186111 0.015625 0.0611111 0.937788
0 0.2625 0.2 0.015625 0.0666667 0.939912
1 0.603125 0.244444 0.0234375 0.0888889 0.952312
1 0.750781 0.580556 0.0609375 0.233333 0.957368
0 0.147656 0.619444 0.0625 0.238889 0.958843
0 0.305469 0.268056 0.025 0.0972222 0.962116
