1 0.353125 0.0638889 0.003125 0.0166667 0.278696
1 0.680078 0.0472222 0.00390625 0.0166667 0.293924
2 0.733203 0.0472222 0.00390625 0.0166667 0.553332
0 0.170312 0.108333 0.00625 0.0277778 0.558479
0 0.308203 0.0666667 0.00390625 0.0166667 0.583588
0 0.0757812 0.144444 0.009375 0.0388889 0.613676
0 0.94375 0.0944444 0.0109375 0.0333333 0.641741
1 0.705078 0.0541667 0.00390625 0.0194444 0.666776
0 0.764063 0.0527778 0.0046875 0.0222222 0.668778
0 0.278906 0.075 0.0046875 0.0222222 0.679551
0 0.110156 0.127778 0.0078125 0.0388889 0.702062
0 0.232031 0.0902778 0.00625 0.025 0.715007
0 0.838672 0.0805556 0.00703125 0.0277778 0.776462
0 0.808984 0.0694444 0.00703125 0.0277778 0.796418
0 0.796094 0.0555556 0.00625 0.0222222 0.79898
1 0.273828 0.0972222 0.00546875 0.0277778 0.811418
1 0.301172 0.0861111 0.00546875 0.0222222 0.823163
0 0.0816406 0.158333 0.0117188 0.05 0.823192
1 0.833203 0.104167 0.0101562 0.0416667 0.855246
1 0.717188 0.0708333 0.00625 0.0305556 0.85611
1 0.253516 0.115278 0.00859375 0.0361111 0.88244
1 0.284375 0.126389 0.009375 0.0361111 0.88489
1 0.730469 0.0819444 0.0078125 0.0361111 0.89329
0 0.113672 0.169444 0.0132813 0.0666667 0.900636
1 0.324609 0.131944 0.0101562 0.0361111 0.906981
1 0.383203 0.136111 0.0117188 0.0444444 0.910952
1 0.446094 0.143056 0.0109375 0.0472222 0.921472
1 0.535547 0.170833 0.0148437 0.0527778 0.93608
0 0.193359 0.194444 0.0164062 0.0611111 0.942542
0 0.0878906 0.726389 0.0789063 0.286111 0.948508
0 0.251953 0.209722 0.0164062 0.0694444 0.949016
1 0.611328 0.2625 0.0257812 0.0916667 0.949087
1 0.796484 0.681944 0.0742188 0.286111 0.956708
0 0.294141 0.288889 0.0273438 0.1 0.962297
