0 0.10625 0.130556 0.0078125 0.0444444 0.31141
1 0.711328 0.0486111 0.00390625 0.0194444 0.396419
1 0.331641 0.0722222 0.00390625 0.0166667 0.557695
0 0.769922 0.0458333 0.00390625 0.0194444 0.584056
1 0.732813 0.0555556 0.0046875 0.0222222 0.592918
0 0.308594 0.0680556 0.0046875 0.0194444 0.598324
0 0.167969 0.111111 0.00625 0.0277778 0.653451
0 0.960547 0.0902778 0.0117188 0.0361111 0.66109
0 0.278906 0.075 0.0046875 0.0222222 0.674325
0 0.851172 0.0763889 0.00703125 0.0305556 0.704339
0 0.81875 0.0666667 0.0078125 0.0277778 0.713213
0 0.230859 0.0902778 0.00546875 0.025 0.733308
0 0.804297 0.0527778 0.00546875 0.0222222 0.789478
1 0.847266 0.101389 0.0101562 0.0416667 0.808257
1 0.272656 0.0972222 0.00625 0.0277778 0.817965
1 0.724219 0.0680556 0.00625 0.025 0.850114
1 0.301172 0.0847222 0.00546875 0.025 0.858641
1 0.250781 0.118056 0.009375 0.0361111 0.878565
0 0.0730469 0.161111 0.0132813 0.0555556 0.883475
1 0.282031 0.126389 0.009375 0.0361111 0.884818
1 0.738672 0.0805556 0.00703125 0.0333333 0.889741
1 0.322266 0.133333 0.0101562 0.0388889 0.900635
0 0.104297 0.170833 0.0164062 0.0805556 0.906832
1 0.382422 0.138889 0.0117188 0.0444444 0.910363
1 0.447266 0.147222 0.0117188 0.0444444 0.920643
1 0.540234 0.173611 0.0148437 0.0583333 0.926581
0 0.183984 0.201389 0.0179687 0.0638889 0.932771
0 0.0316406 0.845833 0.0617188 0.308333 0.943499
0 0.24375 0.219444 0.0171875 0.0722222 0.943872
1 0.862891 0.823611 0.0945313 0.352778 0.95036
0 0.282813 0.306944 0.028125 0.108333 0.953953
1 0.621875 0.276389 0.025 0.0972222 0.956244
