2 0.723047 0.0375 0.00390625 0.0194444 0.276167
0 0.778516 0.0458333 0.00390625 0.0194444 0.37356
0 0.166797 0.111111 0.00703125 0.0277778 0.453197
1 0.355859 0.0611111 0.00390625 0.0166667 0.481734
2 0.778906 0.0458333 0.0046875 0.0194444 0.485851
1 0.740625 0.0527778 0.0046875 0.0222222 0.502384
0 0.863672 0.0791667 0.00703125 0.0361111 0.593928
0 0.98125 0.0944444 0.0125 0.0388889 0.59798
0 0.814062 0.0513889 0.00625 0.025 0.714902
1 0.718359 0.0472222 0.00390625 0.0222222 0.716443
0 0.23125 0.0902778 0.00625 0.025 0.719693
1 0.957812 0.908333 0.05625 0.183333 0.723357
1 0.332812 0.0708333 0.0046875 0.0194444 0.724964
0 0.279687 0.0736111 0.0046875 0.025 0.736458
0 0.310156 0.0638889 0.0046875 0.0166667 0.73779
0 0.830859 0.0652778 0.00703125 0.0305556 0.762478
0 0.102734 0.129167 0.00859375 0.0305556 0.769899
1 0.301953 0.0833333 0.00546875 0.0222222 0.778117
1 0.863281 0.105556 0.009375 0.0444444 0.789475
1 0.272656 0.0958333 0.00625 0.0305556 0.803868
1 0.732813 0.0694444 0.00625 0.0277778 0.868231
1 0.280469 0.127778 0.009375 0.0388889 0.886676
1 0.249219 0.116667 0.009375 0.0388889 0.891651
1 0.748828 0.0819444 0.00703125 0.0305556 0.894959
0 0.0660156 0.161111 0.0148437 0.0555556 0.895925
1 0.382422 0.140278 0.0117188 0.0472222 0.914841
1 0.448438 0.151389 0.0125 0.0472222 0.916131
1 0.321094 0.133333 0.0109375 0.0444444 0.920137
1 0.545313 0.180556 0.015625 0.0611111 0.932554
0 0.0957031 0.186111 0.0179687 0.0555556 0.933276
0 0.175781 0.206944 0.01875 0.0694444 0.935899
1 0.634766 0.297222 0.0273438 0.111111 0.941754
0 0.235938 0.227778 0.01875 0.0722222 0.946943
0 0.272266 0.326389 0.0304688 0.113889 0.955798
