0 0.165625 0.109722 0.0078125 0.0305556 0.304825
1 0.515625 0.0527778 0.003125 0.0166667 0.331084
1 0.376953 0.0541667 0.00390625 0.0138889 0.345378
1 0.358203 0.0611111 0.00390625 0.0166667 0.377762
1 0.475781 0.0513889 0.003125 0.0138889 0.386317
1 0.748828 0.0583333 0.00546875 0.0222222 0.388776
1 0.725781 0.0486111 0.0046875 0.0194444 0.491298
2 0.7875 0.05 0.0046875 0.0222222 0.637257
0 0.997656 0.1 0.0046875 0.05 0.638483
0 0.0613281 0.151389 0.0117188 0.0472222 0.668378
0 0.23125 0.0888889 0.00625 0.0277778 0.724428
0 0.876953 0.0805556 0.00703125 0.0333333 0.746666
0 0.824609 0.0541667 0.00546875 0.0194444 0.757677
1 0.335156 0.0680556 0.0046875 0.0194444 0.762208
0 0.0992187 0.127778 0.009375 0.0333333 0.767165
0 0.842578 0.0680556 0.00859375 0.0305556 0.78033
0 0.311719 0.0625 0.0046875 0.0194444 0.795833
1 0.272656 0.0958333 0.00625 0.0305556 0.796139
0 0.28125 0.0736111 0.0046875 0.025 0.821428
1 0.880469 0.109722 0.0109375 0.0472222 0.823261
1 0.303125 0.0819444 0.00625 0.025 0.823378
0 0.0585938 0.163889 0.0140625 0.0555556 0.852709
1 0.741797 0.0708333 0.00703125 0.0305556 0.86522
1 0.758984 0.0847222 0.00703125 0.0361111 0.885326
1 0.278516 0.127778 0.0101562 0.0444444 0.888816
1 0.248437 0.116667 0.009375 0.0388889 0.888962
0 0.0867188 0.1875 0.0171875 0.0583333 0.912632
1 0.649219 0.320833 0.0296875 0.119444 0.913706
1 0.382422 0.143056 0.0132813 0.0472222 0.921674
1 0.320703 0.136111 0.0117188 0.0444444 0.924163
1 0.450391 0.154167 0.0132813 0.0527778 0.930242
1 0.551172 0.1875 0.0164062 0.0638889 0.934821
0 0.166406 0.2125 0.0203125 0.0694444 0.950864
0 0.227344 0.236111 0.0203125 0.0777778 0.953366
0 0.258594 0.348611 0.034375 0.125 0.95923
