0 0.899219 0.1125 0.0125 0.0472222 0.272219
1 0.451172 0.0486111 0.00390625 0.0138889 0.306349
1 0.378906 0.0555556 0.003125 0.0166667 0.46723
2 0.796094 0.0472222 0.0046875 0.0222222 0.5201
0 0.796094 0.0472222 0.0046875 0.0222222 0.58429
0 0.85625 0.0694444 0.0078125 0.0333333 0.665585
0 0.852344 0.0638889 0.0078125 0.0277778 0.666735
0 0.0566406 0.15 0.0101562 0.0388889 0.672382
1 0.757812 0.0569444 0.0046875 0.025 0.741011
0 0.835547 0.0555556 0.00546875 0.0222222 0.743564
0 0.232031 0.0875 0.00625 0.025 0.74449
1 0.732813 0.0472222 0.0046875 0.0222222 0.761222
0 0.313281 0.0625 0.0046875 0.0194444 0.779687
0 0.892578 0.0833333 0.00859375 0.0333333 0.782106
1 0.272266 0.0958333 0.00703125 0.0305556 0.797301
1 0.336328 0.0680556 0.00546875 0.0194444 0.804426
0 0.282422 0.0722222 0.00546875 0.0222222 0.814592
0 0.0960938 0.129167 0.009375 0.0361111 0.823367
1 0.303906 0.0833333 0.00625 0.0277778 0.836373
0 0.0511719 0.169444 0.0148437 0.0555556 0.850071
1 0.246875 0.118056 0.009375 0.0416667 0.864846
1 0.769922 0.0861111 0.00703125 0.0333333 0.869679
1 0.899219 0.113889 0.0125 0.05 0.870842
1 0.276563 0.129167 0.0109375 0.0472222 0.883618
1 0.751172 0.0708333 0.00703125 0.0305556 0.912948
1 0.31875 0.138889 0.0125 0.0444444 0.91755
1 0.382422 0.144444 0.0132813 0.05 0.922044
1 0.452344 0.159722 0.0140625 0.0527778 0.93509
1 0.557031 0.195833 0.01875 0.0694444 0.936713
0 0.0773437 0.193056 0.01875 0.0583333 0.936819
0 0.15625 0.220833 0.021875 0.075 0.944135
1 0.666406 0.348611 0.0328125 0.130556 0.94668
0 0.217187 0.248611 0.0203125 0.0805556 0.949802
0 0.243359 0.375 0.0367187 0.133333 0.968051
