1 0.3625 0.0611111 0.0046875 0.0166667 0.290669
1 0.673437 0.0416667 0.003125 0.0166667 0.293791
1 0.381641 0.0541667 0.00390625 0.0138889 0.30307
1 0.454297 0.0486111 0.00390625 0.0138889 0.369883
0 0.44375 0.0444444 0.003125 0.0166667 0.375288
0 0.339063 0.0694444 0.0046875 0.0222222 0.481465
1 0.482422 0.0527778 0.00390625 0.0166667 0.483834
1 0.339063 0.0694444 0.0046875 0.0222222 0.50705
1 0.767969 0.0555556 0.0046875 0.0222222 0.594342
0 0.864062 0.0625 0.00625 0.025 0.701645
0 0.80625 0.0472222 0.0046875 0.0222222 0.702621
0 0.0523437 0.152778 0.0125 0.0444444 0.716402
1 0.711328 0.0430556 0.00390625 0.0194444 0.717381
0 0.09375 0.131944 0.009375 0.0361111 0.729395
0 0.232812 0.0902778 0.00625 0.025 0.737782
0 0.846875 0.0541667 0.00625 0.025 0.744789
0 0.316406 0.0625 0.0046875 0.0194444 0.756304
1 0.741016 0.0472222 0.00390625 0.0222222 0.770617
0 0.870703 0.0722222 0.00703125 0.0277778 0.803456
0 0.284375 0.0722222 0.0046875 0.0222222 0.806461
1 0.246094 0.119444 0.009375 0.0388889 0.821724
1 0.305469 0.0833333 0.00625 0.0277778 0.841506
1 0.272656 0.0986111 0.00625 0.0305556 0.842071
0 0.04375 0.175 0.0140625 0.0555556 0.84368
0 0.910547 0.0861111 0.00859375 0.0333333 0.856603
1 0.761719 0.0722222 0.00625 0.0333333 0.856715
1 0.782031 0.0875 0.0078125 0.0361111 0.885081
1 0.275781 0.130556 0.0109375 0.05 0.887381
1 0.920313 0.119444 0.0125 0.05 0.901711
1 0.317969 0.143056 0.0125 0.0472222 0.910129
0 0.0675781 0.2 0.0179687 0.0611111 0.917765
1 0.454688 0.163889 0.0140625 0.0555556 0.927113
0 0.225391 0.409722 0.0398437 0.147222 0.92818
1 0.382422 0.151389 0.0132813 0.0472222 0.929004
0 0.207422 0.261111 0.0226563 0.0888889 0.942354
1 0.6875 0.383333 0.034375 0.144444 0.948314
1 0.564453 0.205556 0.0195312 0.0722222 0.950436
0 0.146875 0.230556 0.021875 0.0777778 0.962195
