1 0.437109 0.0527778 0.00390625 0.0166667 0.254173
0 0.449219 0.0472222 0.003125 0.0166667 0.256175
0 0.0429688 0.168056 0.0140625 0.0527778 0.288744
1 0.643359 0.0444444 0.00390625 0.0166667 0.299221
1 0.487109 0.0527778 0.00390625 0.0166667 0.318851
0 0.566797 0.0527778 0.00390625 0.0166667 0.331202
1 0.680859 0.0444444 0.00390625 0.0166667 0.429648
1 0.366016 0.0625 0.00390625 0.0194444 0.445889
1 0.751953 0.05 0.00390625 0.0222222 0.464495
1 0.275391 0.102778 0.00703125 0.0333333 0.486966
1 0.608203 0.0472222 0.00390625 0.0166667 0.529222
0 0.165234 0.115278 0.00703125 0.0305556 0.590354
1 0.779297 0.0597222 0.00546875 0.025 0.610416
0 0.81875 0.0472222 0.0046875 0.0222222 0.630847
0 0.880469 0.0625 0.00625 0.025 0.648939
1 0.249609 0.118056 0.00703125 0.0361111 0.663049
0 0.8875 0.0736111 0.009375 0.0305556 0.680718
0 0.2875 0.0763889 0.0046875 0.025 0.683717
0 0.342578 0.0722222 0.00390625 0.0222222 0.6993
0 0.861719 0.0555556 0.00625 0.0222222 0.756479
0 0.236328 0.0930556 0.00546875 0.025 0.766991
0 0.320312 0.0652778 0.0046875 0.0194444 0.804558
0 0.05 0.158333 0.0125 0.0444444 0.808954
0 0.09375 0.1375 0.009375 0.0416667 0.810012
1 0.774609 0.0736111 0.00703125 0.0361111 0.816799
1 0.308203 0.0861111 0.00546875 0.0277778 0.823054
0 0.931641 0.0902778 0.0101562 0.0361111 0.832408
1 0.275781 0.134722 0.0109375 0.0527778 0.844866
1 0.245703 0.125 0.00859375 0.0388889 0.854106
0 0.0394531 0.180556 0.0148437 0.0555556 0.87592
1 0.796875 0.0902778 0.0078125 0.0361111 0.902433
1 0.945703 0.122222 0.0132813 0.05 0.917896
1 0.31875 0.148611 0.0125 0.0527778 0.92097
1 0.383984 0.156944 0.0132813 0.0527778 0.926559
1 0.458203 0.172222 0.0148437 0.0611111 0.928679
0 0.197656 0.276389 0.021875 0.0916667 0.929266
1 0.573047 0.218056 0.0210938 0.075 0.940888
1 0.713672 0.423611 0.0382813 0.163889 0.950723
0 0.0609375 0.208333 0.0203125 0.0666667 0.952149
0 0.137891 0.243056 0.0242187 0.0805556 0.95653
0 0.205859 0.45 0.0445312 0.161111 0.970062
