1 0.466016 0.05 0.00390625 0.0166667 0.264202
2 0.689453 0.0361111 0.00390625 0.0166667 0.283433
0 0.519922 0.0458333 0.00390625 0.0138889 0.324954
0 0.281641 0.102778 0.00703125 0.0333333 0.326103
1 0.651953 0.0430556 0.00390625 0.0194444 0.348491
1 0.372266 0.0611111 0.00390625 0.0166667 0.349459
0 0.455859 0.0472222 0.00390625 0.0166667 0.39166
1 0.787109 0.0638889 0.00546875 0.0277778 0.46465
0 0.169141 0.113889 0.00703125 0.0333333 0.469002
1 0.443359 0.0527778 0.00390625 0.0166667 0.52837
0 0.574219 0.05 0.003125 0.0166667 0.54975
1 0.535547 0.0541667 0.00390625 0.0138889 0.559188
1 0.616016 0.0472222 0.00390625 0.0166667 0.602914
1 0.49375 0.0513889 0.003125 0.0194444 0.616075
1 0.792578 0.0611111 0.00546875 0.0277778 0.625145
1 0.279687 0.104167 0.0078125 0.0361111 0.685934
1 0.252734 0.116667 0.00859375 0.0388889 0.689303
0 0.240234 0.0916667 0.00546875 0.0277778 0.732551
0 0.833984 0.0486111 0.00546875 0.025 0.763967
1 0.347656 0.0708333 0.0046875 0.0194444 0.767184
0 0.293359 0.0736111 0.00546875 0.025 0.776763
1 0.312891 0.0847222 0.00546875 0.025 0.778065
0 0.325781 0.0652778 0.0046875 0.0194444 0.778171
0 0.879687 0.0569444 0.00625 0.025 0.784853
0 0.901172 0.0652778 0.00703125 0.0305556 0.790004
0 0.0964844 0.136111 0.0101562 0.0388889 0.797255
1 0.248437 0.125 0.0078125 0.0388889 0.803565
0 0.0503906 0.158333 0.0117188 0.0444444 0.804436
0 0.908984 0.0763889 0.00859375 0.0305556 0.806261
1 0.764063 0.0513889 0.0046875 0.025 0.807955
1 0.789844 0.075 0.0078125 0.0333333 0.825899
0 0.958203 0.0916667 0.0117188 0.0388889 0.853652
1 0.815234 0.0930556 0.00859375 0.0361111 0.878737
0 0.0382813 0.181944 0.015625 0.0583333 0.879201
1 0.278125 0.136111 0.0109375 0.0555556 0.882533
1 0.976562 0.129167 0.015625 0.0527778 0.913772
1 0.320703 0.151389 0.0117188 0.0472222 0.923064
0 0.0566406 0.208333 0.0210938 0.0777778 0.927928
1 0.463672 0.176389 0.0164062 0.0638889 0.928207
1 0.3875 0.159722 0.0140625 0.0527778 0.933404
1 0.584766 0.230556 0.0226563 0.0833333 0.950884
0 0.189844 0.288889 0.0234375 0.0944444 0.952177
0 0.13125 0.248611 0.025 0.0861111 0.952196
1 0.748438 0.477778 0.0453125 0.188889 0.959992
0 0.185547 0.493056 0.0492188 0.180556 0.974742
