1 0.398828 0.0555556 0.00390625 0.0166667 0.311183
2 0.702734 0.0416667 0.00390625 0.0166667 0.311897
2 0.701172 0.0388889 0.00390625 0.0166667 0.318465
1 0.544531 0.0555556 0.003125 0.0166667 0.378684
0 0.462891 0.0458333 0.00390625 0.0138889 0.406867
1 0.663672 0.0472222 0.00390625 0.0166667 0.444028
0 0.175 0.109722 0.0078125 0.0305556 0.487384
1 0.811719 0.0652778 0.00625 0.0305556 0.494539
1 0.473047 0.05 0.00390625 0.0166667 0.520234
1 0.626953 0.0472222 0.00390625 0.0166667 0.529108
1 0.501953 0.0527778 0.00390625 0.0166667 0.549721
1 0.804688 0.0708333 0.00625 0.0305556 0.654317
1 0.379297 0.0611111 0.00390625 0.0166667 0.659791
0 0.354688 0.0694444 0.0046875 0.0222222 0.6981
0 0.925 0.0722222 0.0078125 0.0277778 0.700237
0 0.246875 0.0888889 0.00625 0.0277778 0.724253
0 0.300391 0.0722222 0.00546875 0.0222222 0.73006
1 0.257031 0.113889 0.0078125 0.0388889 0.743792
0 0.988672 0.101389 0.0132813 0.0361111 0.751096
0 0.853125 0.0527778 0.00625 0.0222222 0.753176
1 0.746094 0.0472222 0.0046875 0.0222222 0.762972
0 0.934766 0.0833333 0.0101562 0.0333333 0.772825
0 0.901953 0.0597222 0.00859375 0.025 0.790024
1 0.808984 0.0805556 0.00859375 0.0388889 0.807146
0 0.102344 0.133333 0.009375 0.0388889 0.809463
1 0.319531 0.0847222 0.00625 0.025 0.810179
1 0.252734 0.125 0.00859375 0.0388889 0.814628
0 0.332812 0.0625 0.0046875 0.0194444 0.814926
0 0.0554687 0.154167 0.0109375 0.0472222 0.817974
1 0.780078 0.0541667 0.00546875 0.025 0.821626
1 0.286328 0.102778 0.00703125 0.0333333 0.85366
0 0.0394531 0.179167 0.0148437 0.0583333 0.880224
1 0.836719 0.0986111 0.0109375 0.0416667 0.888518
1 0.282031 0.138889 0.0109375 0.05 0.911923
1 0.325 0.152778 0.0125 0.05 0.930419
1 0.392188 0.163889 0.015625 0.0555556 0.931103
0 0.0542969 0.206944 0.0210938 0.0805556 0.932219
0 0.182812 0.3 0.0265625 0.105556 0.934204
1 0.470703 0.184722 0.0164062 0.0638889 0.938701
0 0.126563 0.255556 0.0265625 0.0888889 0.944401
1 0.599219 0.244444 0.0234375 0.0888889 0.951022
0 0.162109 0.543056 0.0570313 0.208333 0.954829
1 0.794141 0.55 0.0507812 0.216667 0.968666
