0 0.328125 0.0833333 0.00625 0.0277778 0.256617
1 0.460156 0.05 0.003125 0.0166667 0.258381
0 0.594141 0.0513889 0.00390625 0.0194444 0.311519
2 0.716797 0.0402778 0.00390625 0.0194444 0.378939
1 0.388672 0.0583333 0.00390625 0.0166667 0.449963
1 0.718359 0.0430556 0.00390625 0.0194444 0.50988
1 0.554297 0.0541667 0.00390625 0.0194444 0.564148
1 0.638281 0.0472222 0.0046875 0.0166667 0.581375
1 0.264062 0.113889 0.009375 0.0388889 0.598716
1 0.511328 0.0527778 0.00390625 0.0166667 0.638714
0 0.875391 0.0527778 0.00703125 0.0222222 0.671194
1 0.826563 0.0694444 0.0078125 0.0333333 0.68605
1 0.7625 0.0458333 0.0046875 0.0194444 0.686208
0 0.966016 0.0833333 0.0101562 0.0333333 0.70776
0 0.255469 0.0888889 0.00625 0.0277778 0.723809
1 0.676172 0.0430556 0.00390625 0.0194444 0.724065
0 0.182812 0.109722 0.0078125 0.0305556 0.735892
1 0.363281 0.0666667 0.0046875 0.0222222 0.763673
0 0.928516 0.0611111 0.00859375 0.0277778 0.768734
1 0.293359 0.0986111 0.00703125 0.0305556 0.776094
0 0.954687 0.0708333 0.0078125 0.0305556 0.777705
0 0.342187 0.0625 0.0046875 0.0194444 0.788262
1 0.260156 0.123611 0.009375 0.0416667 0.798774
1 0.328125 0.0833333 0.00625 0.0277778 0.809699
0 0.308984 0.0708333 0.00546875 0.025 0.822612
0 0.110156 0.133333 0.0109375 0.0388889 0.829268
1 0.798437 0.0527778 0.00625 0.0277778 0.836066
0 0.0453125 0.181944 0.015625 0.0583333 0.841928
1 0.832422 0.0819444 0.00859375 0.0361111 0.850521
1 0.8625 0.1 0.0109375 0.0444444 0.851258
0 0.0625 0.154167 0.0125 0.0472222 0.865231
1 0.288281 0.138889 0.0109375 0.05 0.887592
0 0.0558594 0.211111 0.0210938 0.0777778 0.904162
1 0.330469 0.154167 0.0140625 0.0527778 0.921988
1 0.479688 0.188889 0.0171875 0.0666667 0.923627
1 0.399219 0.168056 0.015625 0.0583333 0.928149
0 0.177734 0.315278 0.0273438 0.108333 0.93067
0 0.124609 0.263889 0.0257812 0.0888889 0.939077
1 0.616406 0.258333 0.025 0.0944444 0.948766
0 0.136328 0.602778 0.0617188 0.233333 0.951755
1 0.858203 0.641667 0.0632813 0.266667 0.957393
