0 0.419141 0.0527778 0.00390625 0.0166667 0.302914
2 0.730859 0.0361111 0.00390625 0.0166667 0.304998
1 0.652734 0.0472222 0.00390625 0.0166667 0.446369
0 0.683203 0.0361111 0.00390625 0.0166667 0.46926
1 0.606641 0.05 0.00390625 0.0166667 0.478756
1 0.470703 0.0486111 0.00390625 0.0138889 0.483339
1 0.493359 0.0472222 0.00390625 0.0166667 0.484057
1 0.782031 0.0444444 0.0046875 0.0222222 0.536121
1 0.735547 0.0430556 0.00390625 0.0194444 0.539182
1 0.852344 0.0694444 0.0078125 0.0333333 0.605054
1 0.566797 0.0541667 0.00390625 0.0194444 0.614813
0 0.960938 0.0611111 0.009375 0.0277778 0.641019
1 0.269531 0.122222 0.009375 0.0444444 0.641192
0 0.266797 0.0875 0.00546875 0.0305556 0.678831
0 0.194922 0.109722 0.00703125 0.0305556 0.685612
1 0.523047 0.05 0.00390625 0.0166667 0.716791
0 0.352734 0.0597222 0.00390625 0.0194444 0.724509
1 0.692578 0.0430556 0.00390625 0.0194444 0.739189
0 0.991016 0.0722222 0.0101562 0.0333333 0.741021
0 0.903125 0.0513889 0.0078125 0.0305556 0.767282
1 0.373437 0.0666667 0.0046875 0.0222222 0.775592
1 0.821094 0.0527778 0.00625 0.0277778 0.785974
0 0.122656 0.131944 0.0109375 0.0361111 0.790228
1 0.859766 0.0819444 0.0101562 0.0416667 0.797158
0 0.0542969 0.186111 0.0195312 0.0611111 0.802883
0 0.319922 0.0694444 0.00546875 0.0222222 0.806764
1 0.338281 0.0819444 0.00625 0.025 0.817249
1 0.274219 0.113889 0.0078125 0.0388889 0.818123
1 0.303516 0.0986111 0.00703125 0.0305556 0.8453
0 0.0738281 0.154167 0.0132813 0.0472222 0.87315
0 0.0613281 0.2125 0.0226563 0.0805556 0.890796
1 0.894531 0.106944 0.0125 0.0416667 0.903947
1 0.296094 0.141667 0.0109375 0.05 0.914235
1 0.95 0.776389 0.0828125 0.336111 0.925956
1 0.637891 0.276389 0.0273438 0.102778 0.934657
1 0.338672 0.155556 0.0148437 0.05 0.935333
1 0.491406 0.197222 0.01875 0.0666667 0.939696
1 0.408203 0.172222 0.0164062 0.0611111 0.941509
0 0.125391 0.272222 0.0273438 0.0944444 0.94434
0 0.174219 0.331944 0.0296875 0.113889 0.94983
0 0.10625 0.677778 0.0703125 0.266667 0.965046
