2 0.840234 0.0486111 0.00703125 0.0305556 0.517241
0 0.944531 0.0555556 0.0078125 0.0333333 0.599436
0 0.840234 0.05 0.00703125 0.0277778 0.650434
2 0.015625 0.811111 0.03125 0.361111 0.65894
0 0.773438 0.0472222 0.00625 0.0277778 0.672809
0 0.476172 0.0972222 0.00859375 0.0333333 0.79543
0 0.692578 0.0472222 0.00703125 0.0277778 0.812752
1 0.902734 0.0652778 0.00859375 0.0361111 0.815723
1 0.742578 0.0625 0.00703125 0.0305556 0.817806
1 0.805469 0.0597222 0.0078125 0.0305556 0.842223
1 0.630469 0.0847222 0.009375 0.0361111 0.848455
0 0.578516 0.0597222 0.00703125 0.025 0.855219
0 0.514453 0.0722222 0.00703125 0.0277778 0.871685
1 0.68125 0.0666667 0.0078125 0.0333333 0.878859
0 0.437109 0.129167 0.0117188 0.0472222 0.884936
0 0.394141 0.191667 0.0164062 0.0666667 0.895405
1 0.599609 0.122222 0.0132813 0.05 0.908647
2 0.141797 0.605556 0.146094 0.683333 0.929673
1 0.616406 0.184722 0.0203125 0.075 0.941572
1 0.691016 0.3125 0.0335938 0.125 0.954842
0 0.335547 0.356944 0.0335938 0.130556 0.958242
2 0.941016 0.547222 0.116406 0.644444 0.962936
