0 0.624609 0.0486111 0.00703125 0.0305556 0.473243
0 0.841797 0.0513889 0.00703125 0.0305556 0.606208
0 0.774219 0.0458333 0.00625 0.025 0.693842
2 0.841406 0.0513889 0.0078125 0.0305556 0.718501
0 0.945312 0.0569444 0.0078125 0.0305556 0.743895
1 0.904297 0.0666667 0.00859375 0.0333333 0.804179
1 0.807031 0.0611111 0.0078125 0.0333333 0.815073
0 0.692969 0.0472222 0.00625 0.0277778 0.815266
1 0.742969 0.0625 0.0078125 0.0305556 0.821581
0 0.475 0.0972222 0.009375 0.0388889 0.845542
0 0.578516 0.0611111 0.00703125 0.0277778 0.856512
1 0.63125 0.0875 0.009375 0.0361111 0.862881
1 0.681641 0.0694444 0.00859375 0.0333333 0.877717
0 0.514063 0.0722222 0.0078125 0.0277778 0.88343
0 0.436328 0.129167 0.0117188 0.0472222 0.883812
2 0.117578 0.644444 0.152344 0.711111 0.891201
2 0.948828 0.569444 0.102344 0.683333 0.894423
0 0.392188 0.194444 0.0171875 0.0666667 0.904131
1 0.6 0.123611 0.0140625 0.0527778 0.921235
1 0.617578 0.188889 0.0210938 0.0777778 0.939653
1 0.695312 0.320833 0.034375 0.130556 0.948883
0 0.330469 0.366667 0.0359375 0.133333 0.950925
