0 0.625391 0.0472222 0.00703125 0.0333333 0.519801
0 0.775 0.0472222 0.00625 0.0277778 0.629023
0 0.947656 0.0583333 0.0078125 0.0333333 0.761667
0 0.842578 0.05 0.00703125 0.0333333 0.766536
0 0.69375 0.0472222 0.00625 0.0277778 0.771788
1 0.90625 0.0666667 0.0078125 0.0333333 0.794646
1 0.74375 0.0611111 0.0078125 0.0333333 0.818319
2 0.957812 0.595833 0.084375 0.675 0.822193
1 0.807813 0.0611111 0.0078125 0.0333333 0.844053
0 0.475 0.0972222 0.009375 0.0388889 0.846398
0 0.578516 0.0611111 0.00703125 0.0277778 0.85401
0 0.435156 0.130556 0.0125 0.05 0.867864
1 0.682422 0.0694444 0.00859375 0.0333333 0.869345
1 0.631641 0.0875 0.0101562 0.0361111 0.87872
0 0.514063 0.0736111 0.0078125 0.0305556 0.883326
2 0.101953 0.65 0.158594 0.7 0.885473
0 0.390625 0.197222 0.0171875 0.0722222 0.898722
1 0.600781 0.126389 0.0140625 0.0527778 0.913899
1 0.619141 0.190278 0.0210938 0.0805556 0.943555
0 0.326172 0.376389 0.0351562 0.136111 0.951243
1 0.7 0.327778 0.0359375 0.133333 0.952496
