0 0.625781 0.0527778 0.00625 0.0277778 0.54982
2 0.969531 0.654167 0.0609375 0.630556 0.609792
0 0.474219 0.1 0.009375 0.0333333 0.62564
0 0.775391 0.0472222 0.00546875 0.0277778 0.629432
0 0.843359 0.0513889 0.00703125 0.0305556 0.709171
0 0.69375 0.0472222 0.00625 0.0277778 0.770695
0 0.948828 0.0583333 0.00859375 0.0333333 0.772189
1 0.808984 0.0611111 0.00703125 0.0333333 0.79976
1 0.908203 0.0680556 0.00859375 0.0361111 0.82275
1 0.744531 0.0625 0.0078125 0.0305556 0.839224
0 0.578516 0.0611111 0.00703125 0.0277778 0.856515
0 0.513672 0.0736111 0.00703125 0.0305556 0.858154
1 0.683203 0.0694444 0.00859375 0.0333333 0.858584
0 0.434375 0.133333 0.0125 0.05 0.876942
1 0.632031 0.0888889 0.009375 0.0388889 0.881185
0 0.388672 0.201389 0.0179687 0.0694444 0.883357
2 0.084375 0.6625 0.142188 0.675 0.918516
1 0.601562 0.126389 0.0140625 0.0527778 0.928903
1 0.620703 0.193056 0.0210938 0.0805556 0.947931
1 0.704297 0.3375 0.0367187 0.136111 0.954099
0 0.321094 0.386111 0.0375 0.144444 0.95979
